4824121946741397
4155885257847820
4850476372868398
4648526829240264
4153632251628087
4447228480777363
4791094791510275
4391518382511810
4283345203224943
4692562186607284
4874883937190036
4638505994412143
4376300031392281
4785198478422223
4706831140417138
4836382643578160
4442676439492612
4456414435235373
4756298598211097
4829166459920862
4996173138605798
4649883630118199
4254410775018565
4239395169088700
4942454169836061
4157173131308103
4438613931313138
4882116789235448
4845865841955189
4949425364107436
4234981234202453
4429351208454167
4965279389171219
4707586367190925
4944032169768711
4161086446203636
4388745639219908
4970852276726254
4782924820852955
4818001839417853
4625597618076554
4536776140804123
4895776283026665
4328565169830324
4251145161704484
4711299026253266
4748417681534525
4984545446173167
4602121924693091
4315082744349922
4107186373325478
4787167043271190
4613013175321363
4899837348571408
4181597708343962
4286361638008572
4614923517767962
4868274208184642
4143663692809521
4303716737643572
4181065414510970
4686263955093528
4701312008084237
4924856533772606
4621372263293728
4873943951792346
4123048909536523
4398340593879222
4689193872526118
4904133065806492
4676748085086041
4825058408614304
4624132592746039
4412848000012005
4235181529174015
4321362685114778
4669108993979237
4601904603552378
4608050648084980
4926384160805864
4372609598051009
4153083106431064
4264937055316099
4382308400316372
4531031214984422
4114323326597027
4931668367673172
4341266918500034
4557495885235197
4348505934924235
4470140264744450
4707966639531607
4929352272953863
4583271986891151
4889184418649882
4292816817194257
4268133858541948
4446490404441900
4158301215042052
4184668486894898
4374178688993554
4623338292422792
4773215833139973
4489797772061579
4674563082552014
4180471897477137
4128583879499636
4858029120594217
4515534185096322
4804195102839941
4364283845751708
4182340583173074
4676711773461796
4129568701443620
4645924929853346
4979632618325522
4443826240981241
4816739466121282
4224249954086226
4681519433089622
4878959395905362
4655994839522754
4618474608693811
4151885532561961
4102840694945284
4824843456599063
4246993680810312
4501713624590205
4804495403291733
4338557699462003
4488456989794751
4572084089788353
4849637386573768
4333206210061515
4171074078493023
4333558854797704
4942464130217842
4891739275740453
4256449306237357
4292012407851953
4856101253053723
4707616917370732
4720302683561465
4588812938610788
4142937389847253
4637040142469500
4586308825820812
4258125572287310
4810937140470462
4777734121390148
4554602639458755
4920228810013143
4393217104233704
4388960285252587
4657450531247948
4667566947293054
4489376223071559
4433119668873746
4235155952560500
4908172670302710
4781294348592244
4973058491568632
4742109163254979
4510794806853592
4938498478182027
4587340904580786
4252823106442708
4743744866674281
4579530069167614
4359440883251907
4118083279646614
4197910814363259
4853062297868818
4832222089366303
4159977914067468
4497916081919770
4894359441829189
4627282499379806
4359457327749658
4666945467688505
4310874147840916
4421792749501674
4514970867631824
4620318113237183
4304867434593332
4282334879305173
4101254371989062
4230040052189119
4268247118972255
4118734177887526
4303489520634658
4442442525525617
4420496336177796
4655262098348372
4572261019013432
4445104692235730
4957516417751039
4392076756690895
4381458161823394
4898076030983634
